0 0.405 0.82 0.41 0.85 0.415 0.8 0.42 0.89 0.42 0.88 0.425 0.84 0.42 0.81 
0 0.45 0.74 0.445 0.7 0.465 0.82 0.465 0.81 0.47 0. 0.455 0.7 0.455 0.74 
0 0.165 0.6 0.16 0.6 0.16 0.70 0.165 0.71 0.175 0.72 0.18 0.74 0.175 0.80 0.18 0.8 0.175 0.84 0.17 0.83 0.165 0.82 0.155 0.8 0.155 0. 0.145 0.9 0.145 0.9 0.15 0.97 0.16 0.99 0.245 0.99 0.245 0.9 0.24 0.86 0.26 0.82 0.26 0.81 0.25 0.79 0.25 0.78 0.26 0.7 0.26 0.63 0.255 0.6 0.25 0.6 0.225 0.6 0.225 0.64 0.205 0.6 0.195 0.67 0.19 0.66 0.185 0.6 0.175 0.6 
0 0.185 0.85 0.19 0.9 0.195 0.9 0.185 0.94 0.175 0.93 0.17 0.92 0.17 0.86 
0 0.485 0.6 
0 0.595 0.5 0.6 0.60 0.61 0.63 0.615 0.6 0.615 0.5 0.61 0.5 0.6 0.5 
0 0.875 0.5 0.87 0.57 0.86 0.60 0.86 0.62 0.865 0.82 0.87 0.8 0.87 0.8 0.88 0.60 0.88 0.5 
0 0.175 0.4 0.175 0.46 0.18 0.4 0.185 0.4 0.195 0.4 0.2 0.44 0.2 0.42 0.195 0.40 0.185 0.39 
0 0.525 0.2 0.52 0.2 0.52 0.28 0.51 0.3 0.5 0.3 0.495 0.2 0.495 0.33 0.49 0.3 0.5 0.36 0.505 0.40 0.495 0.44 0.495 0.4 0.495 0.46 0.5 0.4 0.505 0.40 0.52 0.3 0.535 0.3 0.54 0.26 0.54 0.25 
0 0.25 0.22 0.245 0.2 0.25 0. 0.255 0.3 0.255 0.30 0.265 0.2 0.265 0.2 0.26 0.2 
0 0.88 0.4 
0 0.3 0.0 0.285 0.0 0.28 0.12 0.28 0.15 0.285 0.1 0.3 0.15 0.315 0.1 0.315 0. 0.31 0.0 
