0 0.28 0.8 0.265 0.8 0.265 0.9 0.26 0.9 0.265 0.9 0.27 0.91 0.285 0.8 0.285 0.8 
0 0.315 0.6 0.315 0.68 0.305 0.70 0.305 0.7 0.31 0.7 0.315 0.7 0.325 0.78 0.33 0.77 0.335 0.75 0.335 0.7 0.33 0.7 0.325 0.6 
0 0.385 0.50 0.38 0.51 0.38 0.56 0.385 0.5 0.395 0.5 
0 0.08 0.4 0.075 0.5 0.07 0.55 0.065 0.5 0.06 0. 0.045 0.63 0.04 0.65 0.035 0.67 0.035 0.7 0.045 0.73 0.045 0.71 0.05 0.6 0.055 0.6 0.06 0.64 0.08 0.60 
0 0.805 0.4 0.795 0.61 0.795 0.79 0.795 0.7 0.8 0.7 0.81 0.7 0.815 0.6 0.82 0.64 0.82 0.6 0.815 0. 0.805 0.58 
0 0.09 0.3 0.095 0.3 0.095 0.3 
0 0.105 0.15 0.11 0.17 0.12 0. 0.12 0.2 0.125 0.2 0.14 0.2 0.14 0.19 0.125 0.1 0.125 0.1 
0 0.16 0.09 0.15 0.1 0.15 0.1 0.155 0.16 0.16 0.15 0.165 0.14 0.165 0.11 
0 0.885 0.0 0.845 0.08 0.845 0.09 0.835 0.10 0.825 0. 0.81 0.08 0.81 0. 0.815 0.11 0.805 0.1 0.805 0.16 0.815 0.1 0.815 0.11 0.825 0.10 0.835 0.1 0.85 0.10 0.875 0.0 0.895 0.04 0.91 0.0 0.92 0.01 0.925 0.00 
0 0.58 0.1 0.595 0.1 0.6 0.2 0.6 0.24 0.59 0.27 0.585 0.44 0.585 0. 0.595 0.53 0.595 0.5 0.59 0.58 0.58 0.6 0.575 0.6 0.575 0.68 0.585 0.7 0.59 0.74 0.59 0.7 0.585 0.87 0.57 0.9 0.57 0.98 0.585 0.99 0.6 0.99 0.61 0.9 0.615 0.9 0.62 0.9 0.615 0.8 0.615 0.8 0.625 0.7 0.63 0.77 0.615 0.7 0.61 0. 0.61 0.6 0.62 0.62 0.62 0.47 0.625 0.39 0.63 0.3 0.635 0.3 0.645 0.3 0.65 0.2 0.65 0.18 0.665 0.12 0.665 0.00 
0 0.34 0.09 0.325 0.1 0.325 0.2 0.315 0.28 0.315 0.34 0.32 0.33 0.34 0.3 0.35 0.28 0.36 0.27 0.37 0.27 0.38 0.28 0.385 0.29 0.39 0.31 0.4 0.33 0.41 0.3 0.41 0.31 0.415 0.2 0.4 0.1 0.4 0.14 0.415 0.1 0.42 0.10 0.425 0.06 0.43 0.0 0.43 0.0 
