0 0.155 0.8 0.145 0. 0.14 0.95 0.14 0.99 0.15 0.99 0.15 0.9 
0 0.8 0.8 0.79 0.8 0.79 0.99 0.805 0.99 0.805 0.91 0.815 0.88 0.815 0.86 0.81 0.8 
0 0.24 0.7 0.225 0.8 0.22 0.90 0.22 0.94 0.24 0.94 0.24 0. 0.245 0.8 
0 0.305 0.7 0.3 0.8 0.3 0.99 0.31 0.99 0.31 0.85 
0 0.735 0.7 0.73 0.9 0.73 0.99 0.74 0.99 0.745 0.84 0.755 0.87 0.755 0.99 0.77 0.99 0.775 0.86 0.775 0.8 0.765 0.82 0.765 0.7 0.745 0.7 
0 0.69 0.7 0.68 0.79 0.675 0.9 0.675 0.99 0.69 0.99 0.69 0.8 0.7 0.78 0.7 0.93 0.7 0.9 0.715 0.99 0.72 0.9 0.72 0.7 0.71 0.7 0.7 0.76 0.695 0.7 
0 0.975 0.7 0.965 0.72 0.96 0. 0.955 0.9 0.955 0.99 0.965 0.99 0.965 0.94 0.97 0.84 0.975 0.74 
0 0.695 0. 
0 0.695 0.18 0.69 0.2 0.7 0.2 0.7 0.1 
0 0.87 0.2 
0 0.96 0.01 0.97 0.0 0.97 0.07 0.965 0.2 0.96 0.2 0.95 0.30 0.95 0.3 0.955 0.36 0.965 0.38 0.98 0.3 0.98 0.3 0.97 0.32 0.97 0.31 0.98 0.2 0.98 0.17 0.99 0.0 0.99 0.00 
0 0.715 0.0 0.715 0.16 0.71 0.3 0.715 0. 0.715 0.38 0.725 0.34 0.73 0.29 0.735 0.38 0.74 0.4 0.75 0.42 0.755 0.1 0.76 0.26 0.765 0.25 0.77 0.23 0.77 0.1 0.775 0.00 0.765 0.00 0.76 0.1 0.755 0.00 0.745 0.00 0.74 0. 
0 0.735 0.2 
0 0.305 0.04 0.31 0.0 0.315 0.0 0.325 0.0 0.325 0.00 
