0 0.74 0.71 0.74 0.7 0.73 0.7 0.73 0.7 0.74 0. 0.75 0.81 0.75 0. 0.755 0.7 0.75 0.7 
0 0.125 0.8 
0 0.81 0.54 0.805 0.55 0.805 0.5 0.82 0.60 0.82 0.62 
0 0.5 0.51 0.5 0.57 0.495 0. 0.49 0.6 0.485 0.63 0.475 0.6 0.47 0.66 0.465 0.6 0.465 0.75 0.47 0.7 0.48 0.7 0.48 0.75 0.485 0.7 0.49 0.69 0.505 0.66 0.51 0.64 0.515 0.6 0.515 0.5 
0 0.385 0. 0.39 0.45 0.4 0.4 0.405 0.4 0.405 0. 0.4 0.37 0.39 0.36 
0 0.515 0.3 0.52 0.39 0.52 0.3 
0 0.54 0.19 0.545 0.21 0.55 0.2 0.55 0.29 0.56 0.2 0.56 0.25 0.565 0.2 0.555 0.2 0.545 0. 
0 0.135 0.1 0.125 0.2 0.12 0.27 0.12 0.31 0.125 0.3 0.12 0.51 0.12 0.49 0.125 0.4 0.135 0.4 0.14 0.39 0.14 0.3 
0 0.585 0.1 0.575 0.1 0.575 0.1 0.595 0.1 0.595 0.1 0.59 0.12 
0 0.755 0.0 0.76 0.11 0.75 0.1 0.745 0.25 0.74 0.2 0.73 0.31 0.73 0.33 0.735 0.35 0.74 0.3 0.76 0.3 0.775 0.3 0.775 0.33 0.78 0.32 0.795 0.3 0.805 0.32 0.82 0.3 0.825 0.3 0.83 0.3 0.83 0.3 0.83 0.35 0.84 0.30 0.84 0.28 0.83 0.2 0.825 0.2 0.825 0.2 0.84 0.16 0.845 0.1 0.86 0.07 0.86 0.0 0.855 0.0 0.84 0.0 
