0 0.235 0.69 0.225 0.7 0.22 0.81 0.215 0.87 0.215 0.91 0.22 0.9 0.225 0.95 0.225 0.8 0.23 0.7 
0 0.15 0.54 0.145 0.6 0.14 0.81 0.13 0.8 0.125 0.8 0.125 0.87 0.145 0. 0.165 0.9 0.165 0.47 
0 0.01 0.4 0.005 0.4 0.005 0.80 0.01 0.78 0.02 0.7 0.025 0.7 0.03 0.7 0.03 0.7 0.02 0.69 0.015 0.60 
0 0.38 0.48 0.375 0.54 0.375 0.49 
0 0.155 0.2 0.155 0.36 0.145 0.39 0.16 0.41 0.16 0.4 0.16 0.43 0.17 0.3 0.175 0.2 0.175 0.25 0.16 0.2 0.16 0.19 0.165 0.15 
0 0.8 0.2 0.8 0.38 0.805 0.40 0.805 0.3 0.815 0.34 0.82 0.2 0.825 0.06 0.825 0.00 
0 0.69 0.2 0.695 0.3 0.695 0. 0.705 0. 0.705 0.00 
0 0.97 0.00 0.97 0.1 0.965 0.4 0.955 0.49 0.955 0.5 0.96 0.54 0.955 0.62 0.96 0.65 0.97 0.6 0.97 0.61 0.98 0.50 0.985 0.39 0.985 0.0 
0 0.74 0.16 0.735 0.00 0.715 0.00 0.72 0.51 0.72 0.6 0.715 0.6 0.725 0.64 0.73 0.4 0.735 0.6 0.735 0.6 0.745 0.59 0.75 0.43 0.755 0.14 0.76 0.3 0.775 0.38 0.78 0.37 0.785 0.3 0.785 0.00 0.765 0.00 0.76 0.1 0.755 0.00 
0 0.735 0.48 
0 0.315 0.1 0.325 0.1 0.325 0. 
