0 0.47 0.9 0.515 0.9 0.55 0.9 0.605 0.94 0.645 0.96 0.7 0.96 0.69 0.95 0.675 0.93 0.655 0.9 0.64 0.91 
0 0.325 0.90 0.275 0.9 0.315 0.91 0.365 0.9 
0 0.21 0.8 0.19 0.87 0.24 0.8 0.255 0.87 0.245 0.87 
0 0.805 0.71 0.815 0.7 0.84 0.7 0.9 0.74 0.935 0.7 0.92 0.7 
0 0.685 0.67 0.67 0.67 0.655 0.6 0.67 0.6 0.69 0.6 0.71 0.69 0.755 0.6 0.76 0.6 0.745 0.66 
0 0.665 0.6 0.64 0.6 0.65 0.63 0.665 0.6 0.7 0.64 0.71 0.6 0.725 0.6 0.715 0.6 
0 0.485 0.60 0.495 0.6 0.51 0.62 0.545 0.62 0.575 0.6 0.585 0.60 
0 0.005 0.66 0.085 0.6 0.14 0.67 0.215 0.67 0.24 0.68 0.325 0.68 0.33 0.67 0.33 0.66 0.325 0.6 0.315 0.6 0.29 0.64 0.28 0.63 0.3 0.6 0.325 0.6 0.335 0. 0.345 0.59 0.35 0.58 0.28 0.5 0.265 0.5 0.25 0.59 0.24 0. 0.145 0. 0.125 0.58 0.105 0.57 0.085 0.5 
0 0.005 0.41 0.12 0.41 0.15 0.40 0.21 0. 0.27 0. 0.31 0.40 0.385 0.4 0.425 0.42 0.465 0.42 0.5 0.4 0.635 0.4 0.66 0.4 0.96 0.4 0.985 0.4 0.985 0. 0.98 0.3 0.94 0.3 0.78 0.3 0.705 0.3 0.625 0.38 0.575 0.37 0.515 0.3 0.48 0.3 0.38 0.37 0.345 0.36 0.29 0.36 0.265 0.35 0.235 0.35 0.19 0.3 0.155 0.33 0.115 0.3 
0 0.405 0.1 0.455 0.1 0.56 0.19 0.63 0.20 0.785 0.20 0.76 0.20 0.725 0.19 0.695 0.19 0.665 0.18 
0 0.005 0.10 0.02 0.1 0.045 0.12 0.07 0.14 0.085 0.15 0.095 0.1 0.085 0.1 0.085 0.19 0.095 0.19 0.105 0.18 0.115 0.18 0.125 0.19 0.14 0. 0.155 0. 0.16 0.1 0.15 0.18 0.115 0.1 0.11 0.1 0.11 0.15 0.105 0.14 0.09 0.1 0.015 0.08 
