0 0.36 0.92 0.355 0.99 0.365 0.99 0.365 0.8 
0 0.08 0.71 0.075 0.74 0.07 0.77 0.065 0.80 0.06 0.8 0.065 0.8 0.075 0.77 0.075 0.7 
0 0.375 0.5 0.37 0.6 0.37 0.5 
0 0.14 0.4 0.135 0.50 0.12 0.5 0.115 0.60 0.115 0.65 0.11 0.7 0.105 0.7 0.11 0.7 0.11 0.71 0.12 0.6 0.125 0.6 0.13 0.6 0.135 0.59 0.14 0.5 0.145 0.5 0.145 0.48 
0 0.845 0.3 0.82 0.31 0.79 0.3 0.78 0.33 0.75 0.3 0.73 0.4 0.725 0.4 0.725 0.45 0.735 0.4 0.77 0.5 0.775 0.6 0.78 0.63 0.78 0.65 0.77 0.6 0.77 0. 0.78 0.7 0.78 0.77 0.785 0. 0.805 0.83 0.805 0.9 0.82 0.9 0.82 0.9 0.825 0.9 0.84 0.98 0.85 0.99 0.905 0.99 0.92 0.9 0.89 0.95 0.895 0.93 0.9 0.9 0.92 0.88 0.925 0.8 0.93 0.8 0.93 0.81 0.93 0.74 0.93 0.70 0.92 0.68 0.895 0.6 0.89 0.6 0.885 0.5 0.885 0.4 0.875 0.4 0.875 0.3 
0 0.365 0.50 0.365 0.48 0.37 0.3 
0 0.82 0. 0.81 0.11 0.795 0.1 0.79 0.1 0.79 0.21 0.795 0.24 0.805 0.24 0.825 0.25 0.845 0.24 0.865 0.2 0.875 0.2 0.875 0.2 0.87 0.1 0.865 0.17 0.85 0.1 
0 0.365 0.1 0.36 0.19 0.36 0.17 0.37 0.1 0.37 0.10 
0 0.205 0.0 0.2 0.03 0.19 0.0 0.185 0.10 0.175 0.1 0.17 0.1 0.16 0.18 0.16 0.2 0.165 0.23 0.18 0.22 0.18 0.2 0.185 0.16 0.195 0.10 0.21 0.0 0.215 0.0 0.215 0. 
0 0.15 0.0 0.145 0.02 0.145 0.06 0.135 0.10 0.115 0.1 0.11 0.19 0.1 0.2 0.09 0.3 0.055 0.4 0.045 0.54 0.04 0.58 0.04 0.6 0.035 0.65 0.035 0.64 0.04 0.6 0.05 0.5 0.065 0. 0.07 0.4 0.095 0.4 0.095 0.40 0.09 0.37 0.1 0.3 0.115 0.30 0.115 0.28 0.12 0.26 0.13 0.2 0.13 0.21 0.14 0.15 0.145 0.12 0.15 0.10 0.155 0.09 0.17 0.07 0.175 0.06 0.18 0.0 0.165 0.03 0.175 0.00 
