0 0.68 0.9 0.68 0.99 0.69 0.99 0.69 0.95 
0 0.305 0.87 0.305 0.8 0.31 0.78 
0 0.31 0.71 0.305 0.74 0.305 0.72 
0 0.275 0.63 0.275 0.6 0.265 0.68 0.26 0. 0.24 0.7 0.235 0.7 0.23 0.8 0.225 0.8 0.225 0.92 0.23 0.9 0.275 0.99 0.285 0.9 0.285 0.6 
0 0.03 0.5 0.02 0.6 0.02 0.7 0.01 0.85 0.01 0.9 0.015 0.98 0.02 0.99 0.035 0.99 0.035 0.9 0.03 0.9 0.045 0.74 0.045 0.66 0.035 0.6 
0 0.26 0.2 0.265 0.27 0.27 0.29 0.27 0.2 0.28 0.24 0.29 0.26 0.29 0.2 0.295 0.2 0.295 0.2 0.305 0.2 0.315 0.2 0.315 0.28 0.32 0. 0.32 0.15 0.325 0.00 
0 0.23 0.07 0.225 0.1 0.235 0.1 0.235 0.21 0.245 0.23 0.25 0.24 0.25 0.00 
0 0.19 0.1 0.19 0.1 0.195 0.2 0.2 0.2 0.205 0.1 0.215 0.1 0.215 0.00 
0 0.685 0.30 0.7 0.30 0.7 0.15 0.705 0. 
0 0.03 0.1 0.025 0.2 0.035 0.2 0.045 0.26 0.045 0.18 0.04 0.0 0.05 0.0 0.05 0.00 
