0 0.63 0.87 0.62 0.96 0.62 0.97 0.625 0.98 0.63 0.99 0.63 0.9 0.635 0.95 0.645 0.93 0.645 0.9 0.635 0.89 0.635 0.87 
0 0.86 0.79 0.86 0.7 
0 0.26 0.7 0.265 0.76 0.27 0.75 0.275 0.73 0.275 0.66 
0 0.645 0.6 0.65 0. 0.66 0.5 0.66 0.5 0.65 0.54 0.65 0.5 
0 0.72 0. 0.71 0. 0.7 0.50 0.7 0.51 0.695 0.5 0.7 0.58 0.71 0.60 0.725 0.59 0.725 0.58 0.73 0.53 
0 0.165 0.46 0.165 0.4 0.155 0.51 0.15 0.52 0.145 0.53 0.13 0.5 0.125 0.5 0.125 0.60 0.13 0.7 0.125 0.7 0.12 0.7 0.1 0.77 0.1 0.7 0.11 0.82 0.115 0.87 0.115 0.97 0.12 0.9 0.15 0.99 0.155 0.9 0.155 0.8 0.165 0.7 0.165 0.6 0.175 0.6 0.175 0.52 
0 0.865 0.51 0.865 0.6 0.865 0.6 0.875 0.52 0.875 0.4 
0 0.875 0.32 
0 0.18 0.27 0.175 0.3 0.185 0.32 0.185 0.4 0.185 0.3 0.195 0.34 0.195 0.30 0.19 0.28 0.185 0.26 
0 0.135 0.23 0.135 0.27 0.13 0.32 0.125 0.3 0.13 0.3 0.14 0.30 0.145 0.2 0.145 0.23 0.14 0.20 0.135 0.17 
0 0.87 0.19 
0 0.87 0.02 0.88 0.0 0.88 0.1 0.885 0. 0.885 0.08 0.89 0.0 0.885 0. 
