0 0.145 0.89 0.13 0.9 0.11 0.9 0.09 0.97 0.08 0.99 0.11 0.99 0.115 0.98 0.125 0.96 0.15 0.9 0.17 0.89 0.185 0.90 0.195 0.91 0.195 0. 
0 0.835 0.8 0.84 0.9 0.845 0.93 0.85 0.92 0.85 0.86 
0 0.185 0.8 0.185 0.87 0.2 0.8 
0 0.875 0.77 0.865 0.79 0.865 0.80 0.875 0.82 0.89 0.85 0.895 0.86 0.895 0.84 0.875 0.8 0.875 0.78 
0 0.075 0.71 0.095 0.71 0.095 0.69 
0 0.91 0.71 0.915 0.6 0.91 0.64 
0 0.59 0.65 0.585 0.66 0.585 0.7 0.6 0.75 0.605 0.76 0.605 0.8 0.595 0.88 0.59 0.8 0.585 0.8 0.58 0.8 0.585 0.93 0.585 0.9 0.58 0.97 0.575 0.99 0.665 0.99 0.665 0.9 0.675 0.9 0.68 0.87 0.685 0.8 0.685 0.7 0.69 0.6 0.66 0.6 0.65 0.69 0.645 0.7 0.64 0.7 0.615 0.7 0.61 0.70 0.61 0.68 0.605 0.6 
0 0.605 0.8 0.615 0.9 0.615 0.96 0.605 0.97 0.6 0.96 0.59 0.94 0.59 0.9 
0 0.605 0.43 0.6 0.50 0.605 0.5 0.62 0.50 0.625 0.4 0.63 0.46 0.625 0.45 0.61 0.42 
0 0.95 0.2 0.92 0.30 0.92 0.39 0.915 0.41 0.925 0.40 0.93 0.43 0.92 0.4 0.92 0.5 0.92 0.51 0.93 0.4 0.93 0.4 0.935 0.4 0.95 0. 0.955 0.3 0.96 0.3 
0 0.675 0.24 0.67 0.27 0.665 0.28 0.63 0.28 0.63 0. 0.625 0.34 0.635 0.36 0.65 0.35 0.655 0.3 0.67 0.3 0.675 0.3 0.68 0.33 0.68 0.3 0.68 0.34 0.69 0.30 0.69 0.2 0.68 0.2 
0 0.205 0.2 0.2 0.27 0.19 0.2 0.185 0.3 0.185 0.39 0.19 0.5 0.19 0.5 0.2 0.45 0.2 0.25 
0 0.735 0.0 0.73 0. 0.725 0.1 0.715 0.1 0.7 0.1 0.7 0.17 0.71 0.20 0.735 0.1 0.74 0.16 0.745 0.14 0.745 0.12 0.74 0.0 
0 0.39 0.0 0.38 0.0 0.38 0.08 0.375 0.1 0.38 0.1 0.375 0.2 0.385 0.24 0.39 0.27 0.39 0.35 0.38 0.37 0.375 0.39 0.375 0.4 0.375 0.47 0.375 0.51 0.38 0.56 0.375 0.6 0.365 0.65 0.365 0. 0.36 0.74 0.35 0.78 0.345 0.83 0.34 0.89 0.34 0.96 0.345 0.9 0.355 0.9 0.385 0.9 0.405 0.98 0.41 0.97 0.415 0.96 0.415 0.86 0.405 0.81 0.405 0.75 0.415 0.66 0.415 0. 0.41 0.4 0.4 0.4 0.4 0.4 0.405 0.40 0.42 0.3 0.425 0.3 0.425 0. 0.415 0.24 0.415 0. 0.42 0.15 0.415 0.09 0.425 0.0 0.425 0.0 
0 0.205 0.00 
