0 0.89 0.9 0.89 0.95 0.89 0.9 0.89 0.9 
0 0.54 0.86 0.535 0.8 0.535 0.91 0.545 0.9 0.55 0.9 0.555 0.9 0.555 0.8 
0 0.51 0.8 0.495 0.88 0.495 0. 0.505 0.9 0.505 0.95 0.515 0.9 0.515 0.9 0.52 0.9 
0 0.77 0.8 0.765 0.9 0.765 0.9 0.775 0.8 0.775 0.8 
0 0.885 0.8 0.89 0.8 0.895 0.8 0.895 0.73 
0 0.265 0.65 0.26 0. 0.265 0.7 0.26 0.79 0.25 0.8 0.245 0.84 0.24 0.8 0.225 0.88 0.225 0.9 0.23 0.9 0.235 0.9 0.24 0.9 0.26 0.9 0.275 0.9 0.28 0.9 0.285 0.9 0.29 0.89 0.29 0.70 0.3 0.6 0.3 0.63 
0 0.79 0.40 0.78 0.45 0.78 0.53 0.78 0.5 0.79 0.4 
0 0.49 0.17 0.485 0.23 0.49 0.2 0.49 0.2 0.5 0.2 0.5 0.21 0.495 0.17 
0 0.9 0.0 0.895 0.1 0.885 0.1 0.885 0.18 0.89 0.24 0.88 0.2 0.88 0.28 0.885 0.3 0.875 0.35 0.875 0. 0.885 0.43 0.885 0.4 0.89 0.4 0.895 0.4 0.9 0.43 0.9 0.4 0.895 0.36 0.9 0.3 0.91 0.2 0.91 0.13 0.905 0.09 
0 0.265 0.0 0.26 0.0 0.245 0.0 0.25 0.1 0.25 0.1 0.245 0.2 0.23 0.2 0.225 0.32 0.225 0.38 0.235 0.40 0.245 0.4 0.255 0. 0.265 0.38 0.27 0.37 0.275 0.36 0.28 0.3 0.29 0.28 0.295 0.2 0.295 0.1 0.29 0. 0.295 0.00 
