0 0.12 0.89 0.115 0.90 0.115 0.99 0.13 0.99 0.13 0.9 
0 0.125 0.67 0.12 0.72 0.125 0.69 
0 0.865 0.6 0.86 0.7 0.86 0.81 0.865 0.8 0.87 0.8 0.88 0.8 0.88 0.8 0.87 0.7 
0 0.81 0.63 0.805 0.68 0.81 0.73 0.815 0.7 0.825 0.77 0.825 0.7 0.82 0.68 0.815 0.64 
0 0.345 0.41 0.335 0.41 0.34 0.4 0.35 0.4 0.35 0.47 0.355 0.48 0.355 0.44 
0 0.285 0.36 0.27 0. 0.265 0.4 0.265 0.46 0.27 0.5 0.295 0.51 0.295 0.48 0.305 0.46 0.305 0.44 0.3 0.40 0.295 0.36 
0 0.735 0.24 0.725 0.2 0.725 0.3 0.735 0.33 0.745 0.3 0.745 0.31 0.74 0.26 
0 0.135 0.42 0.12 0.48 0.125 0.5 0.135 0.54 0.135 0.4 0.145 0.36 0.15 0.25 0.15 0.20 
0 0.845 0.2 0.835 0.32 0.83 0.41 0.83 0.5 0.825 0.5 0.83 0.5 0.85 0.51 0.855 0.50 0.86 0.49 0.875 0.45 0.87 0.2 0.87 0.24 0.88 0.23 0.9 0.22 0.9 0. 0.895 0.08 0.89 0.05 0.885 0.02 0.88 0.00 
0 0.36 0.0 0.36 0.03 0.365 0.13 0.37 0.12 0.375 0.11 0.38 0. 0.385 0.0 0.385 0.04 
