0 0.63 0. 0.635 0.8 0.63 0.95 0.63 0.9 0.65 0.99 0.65 0.92 0.64 0.86 0.64 0.8 0.66 0.77 0.665 0.72 0.665 0.56 
0 0.79 0. 0.77 0.34 0.76 0.35 0.725 0.42 0.72 0.43 0.73 0.4 0.74 0.41 0.745 0. 0.78 0.34 0.8 0.30 
0 0.735 0.0 0.73 0.03 0.71 0.02 0.705 0.0 0.7 0.06 0.695 0.09 0.685 0.1 0.68 0.20 0.675 0.27 0.675 0.3 0.67 0.42 0.66 0.43 0.655 0.3 0.66 0.14 0.665 0.12 0.67 0.1 0.66 0.0 0.645 0.0 0.645 0.10 0.635 0.1 0.635 0.16 0.635 0.26 0.635 0.31 0.645 0.3 0.645 0.36 0.64 0.48 0.665 0.4 0.67 0.4 0.675 0.44 0.68 0.43 0.69 0.42 0.69 0.4 0.68 0.3 0.685 0.3 0.7 0.32 0.71 0.2 0.72 0.18 0.74 0. 0.745 0.0 0.75 0.0 0.75 0.01 
0 0.695 0.2 
0 0.7 0.23 
0 0.705 0.20 
0 0.71 0.17 
0 0.715 0.13 
0 0.72 0.0 
0 0.725 0.0 
