0 0.93 0.7 0.925 0.73 0.89 0.80 0.88 0.81 0.875 0.82 0.885 0.8 0.89 0.8 0.9 0. 0.935 0.7 
0 0.185 0.63 0.17 0.6 0.135 0.6 0.13 0.6 0.125 0.6 0.12 0.72 0.115 0.7 0.135 0.77 0.135 0.80 0.14 0.83 0.155 0.86 0.18 0.8 0.19 0.88 0.2 0.8 0.235 0.8 0.25 0.8 0.28 0.8 0.3 0.7 0.3 0.75 0.295 0.7 0.285 0.68 0.285 0.66 0.28 0.6 0.255 0.63 0.245 0.6 
0 0.75 0.7 0.745 0.94 0.755 0.99 0.76 0.98 0.765 0.93 0.76 0.8 0.76 0.80 0.765 0.78 0.77 0.79 0.77 0.77 0.78 0.65 0.78 0.56 
0 0.905 0.29 0.89 0.3 0.865 0.3 0.84 0.41 0.83 0.43 0.835 0.44 0.845 0.43 0.86 0.41 0.885 0.37 0.9 0.34 0.905 0.3 0.915 0.30 0.915 0.29 
0 0.23 0.1 0.2 0.1 0.18 0.1 0.17 0.17 0.165 0.1 0.155 0. 0.15 0.2 0.16 0.2 0.165 0.2 0.17 0.2 0.18 0.25 0.205 0.27 0.22 0.28 0.25 0.28 0.285 0.29 0.295 0.2 0.305 0.2 0.32 0.27 0.345 0.2 0.35 0.23 0.35 0.2 0.34 0.19 0.335 0.18 0.315 0.16 0.3 0.14 0.28 0.1 
0 0.82 0.01 0.82 0.06 0.8 0.1 0.795 0.2 0.79 0.26 0.79 0.3 0.785 0.42 0.775 0.4 0.77 0.3 0.77 0.20 0.77 0.1 0.785 0.1 0.785 0.10 0.78 0.0 0.76 0.0 0.76 0.1 0.75 0.15 0.75 0. 0.76 0.31 0.76 0.37 0.755 0.48 0.775 0.48 0.78 0.47 0.785 0.45 0.805 0.42 0.805 0.4 0.8 0.3 0.81 0.3 0.83 0.2 0.845 0.1 0.865 0.0 0.87 0.0 0.87 0.00 0.855 0.00 0.85 0.0 0.845 0.00 
0 0.815 0.2 
0 0.82 0.18 
0 0.84 0.06 
0 0.845 0.04 
